Heuristica:

[[ 0  0  6  5  4  3  6  8  1  7 14 10 10 11 22  6]
 [ 1  0  6  8  3  3 11 11  0  8  1 16  9 15 13  7]
 [ 0  0  0  3  2  6  5  2 16  9  3  3 10  4  1 11]
 [ 1  0  6  0  4  2  3  5  2  7  4  7 13  9  5  2]
 [ 4  3 10  7  0  6  7  3  3  0  4 16  2  6 20  9]
 [ 0  0  5  8  5  0  0 10  4  1  4  8  0  1  7  6]
 [ 2  5  1  2  8  0  0  0 10  4  1  2 15  8 11  6]
 [ 2  8  3  0  8  3  0  0  1  3  2  0 17  6  7  5]
 [ 4  4  6 17  6  8  1 12  0  0  5  6  4  6  5 11]
 [ 2  1 10 14  8  1  1 10  5  0  3  4  4  5  7  9]
 [ 3  9  7  7  8  1  3  3  1  0  0  0  7  7  6  3]
 [20 15  3  3 20  2  8  3  5  3  4  0 10 10  6  0]
 [ 7  7 17 20  2  8  9 21  5  4 13 16  0  4  7  5]
 [ 6  3 11  2  9  6 11 11  2  1  0  6  2  0  8  9]
 [ 5 15  8 12  8 12  2  3  7  1  3  5  0  6  0  2]
 [ 3 16 18  2 18  0  1  1  4  7  3  1 10  6  6  0]]

Mapa Valores:

[[5, 1, 7, 4],
[7, 7, 6, 6],
[7, 3, 5, 2],
[5, 7, 9, 4]]